# oST version 5.0 parameters


[image]

width
640

height
480

[narrow_stereo]

camera matrix
542.966172 0.000000 316.216246
0.000000 764.613955 471.397129
0.000000 0.000000 1.000000

distortion
-0.128589 0.058992 0.053445 0.008284 0.000000

rectification
1.000000 0.000000 0.000000
0.000000 1.000000 0.000000
0.000000 0.000000 1.000000

projection
520.534851 0.000000 321.420253 0.000000
0.000000 652.971558 486.287194 0.000000
0.000000 0.000000 1.000000 0.000000
